0 791 Chi-SDOH ID
1 479         5483.08209
1 183         5445.81813
1 420         4639.94197
1 547         5140.75003
1 467         5246.13106
1 521         2636.31845
1 487         4398.73322
1 599         4352.14964
1 399         2904.51923
1 522         5164.36979
2 632           6027.764
2 708         5491.93459
2 711         5281.67646
2 200         4380.02752
2 630         5140.16247
2 629         2828.83477
2 188         3923.08659
2 710         3104.06551
2 709         2051.06445
2 123         4626.11202
3 59         4498.71921
3 245         4219.66822
3 189         4031.88957
3 153         3512.48996
3 678         4153.13866
3 370         3781.72975
3 244         3145.82479
3 368         2993.12764
3 339         3426.84351
3 324         3966.12726
4 257         5055.90376
4 265         5025.00558
4 336         4025.66865
4 258         3419.24632
4 200         4183.76691
4 16         3902.02335
4 199          3126.9962
4 752         2533.53472
4 359         2362.67213
4 95         3956.88735
5 775         4801.90495
5 749         4336.31009
5 89         3145.45662
5 746          3720.9271
5 756         4056.16272
5 747         2679.12795
5 748         3033.97322
5 88         2951.88013
5 95         2715.16014
5 87          3844.5087
6 288         6015.39858
6 763          5312.5744
6 330          6009.8037
6 332         4280.66011
6 311         4945.64484
6 233         3339.97338
6 331         2659.86816
6 227         3777.01785
6 287         2659.01807
6 312         4652.53926
7 651         9518.45788
7 9         8811.27679
7 478         9114.12445
7 250          6621.9282
7 224         8451.26313
7 633         7515.43715
7 202         2945.38507
7 60         4079.74253
7 653         5396.36212
7 496         5563.38266
8 385         12884.3039
8 689         12792.1477
8 723         11853.8469
8 690         12705.8009
8 646         11493.0184
8 725         6739.47947
8 437         10101.7034
8 64         2969.20637
8 129         6435.72318
8 724         8663.42994
9 651         9950.85938
9 250         9007.26045
9 248         8521.63407
9 592         8001.11004
9 7         8811.27679
9 10         6462.04182
9 496         3875.27509
9 202         5868.77354
9 224         6293.53704
9 60         7732.27155
10 250         14542.8204
10 592         14347.7602
10 60         12519.5945
10 202         9242.71511
10 171          14233.021
10 577         9764.70024
10 9         6462.04182
10 496         9100.09337
10 7         11454.2836
10 224         12590.5593
11 507         5077.51963
11 132         5068.03618
11 400         4905.87939
11 139         2643.37379
11 489         3649.16026
11 399         3052.38404
11 242         2373.77222
11 488         2418.10225
11 467         3559.75578
11 140         3597.37185
12 86         6192.90169
12 774         6050.80668
12 324         3543.79306
12 776         4274.80728
12 571         5845.77577
12 360         3467.35164
12 361         2529.10985
12 91         3656.06119
12 96         3352.72233
12 367         5755.13498
13 92         3385.47631
13 528         3005.75302
13 208         3077.27514
13 531         2154.43427
13 143         2184.97961
13 45          2431.0259
13 46         1720.38825
13 209         917.081888
13 14         1486.28136
13 142         1220.80108
14 45         3712.79144
14 532         3476.76205
14 158         2660.52507
14 46         3039.99419
14 531         3075.20164
14 92         2029.06983
14 143         1510.24168
14 142         1235.26872
14 13         1486.28136
14 209         2280.44403
15 28         5186.01345
15 789         5160.12445
15 30         3980.80969
15 611         4186.12233
15 43         5060.98823
15 31         2643.05668
15 29          2535.3514
15 65         2521.79636
15 53         3529.05631
15 655         3607.18681
16 38          4462.7216
16 34         4257.07778
16 704         3249.22897
16 746         2964.27849
16 199         3975.41307
16 752         2232.85117
16 747         3153.59158
16 131         2479.86834
16 35         2695.76496
16 4         3902.02335
17 266          3192.6644
17 304         2780.74686
17 305         2064.97585
17 104         2268.86082
17 103         2756.98848
17 99         1326.30313
17 303         1275.42807
17 225         2117.05192
17 285         1459.73005
17 146         2572.94637
18 672         3053.09803
18 673         3016.89165
18 181          1378.8969
18 759         2541.01303
18 102         2544.88554
18 784         1241.01986
18 100         1786.21608
18 151         1652.43446
18 101          1459.6066
18 674         1930.08867
19 92         4637.59513
19 624         3672.47691
19 158         4473.29434
19 568         3331.21886
19 627         3028.83233
19 626         2141.55863
19 625         2382.43491
19 20         1331.27534
19 236          2938.4152
19 602          2998.2168
20 641         4467.34116
20 680         4102.02309
20 625         3573.71189
20 568          2004.4274
20 83         3946.95517
20 626         3436.99727
20 602         3018.70563
20 19         1331.27534
20 236         2089.62411
20 627         2469.03782
21 424         4184.91147
21 276         4029.54345
21 401          3970.2364
21 275         3129.38773
21 273         3979.44972
21 279         1653.85651
21 278         3825.67573
21 403         2387.45294
21 274         2125.43122
21 428         2387.62393
22 274         5175.73278
22 272         4583.09652
22 273         3258.51527
22 402         3210.82997
22 292         4145.15546
22 112          2572.7563
22 426         1934.49473
22 428         3022.32841
22 164         3222.44159
22 427         3320.15288
23 117         4175.43959
23 118         3945.93816
23 210         3304.80588
23 115         3392.37096
23 365         3559.07054
23 56         1321.62655
23 357         2726.73326
23 319         1958.67659
23 24         2905.24795
23 320         3275.24539
24 210         3435.19985
24 357         3376.93673
24 119         3325.44825
24 23         2905.24795
24 116         3373.37462
24 117          1296.0754
24 56         1589.41886
24 740         2608.97581
24 118         2063.42771
24 253         2957.54504
25 218         3835.74995
25 291         3404.12039
25 438         2770.46852
25 346          2887.3977
25 217         3179.81483
25 186         1633.22881
25 187         2707.61335
25 370         2685.07575
25 369         2117.26619
25 339         3141.33956
26 770         5889.17036
26 254         5523.15071
26 255         2980.21289
26 226         3797.75914
26 335         5333.03693
26 93         2831.99414
26 306         2670.39092
26 435         3742.18864
26 130          2665.0317
26 94         3886.39335
27 461         4345.10688
27 341         4143.62816
27 418          2492.8574
27 120          3968.5505
27 463         3994.20007
27 419          2379.0639
27 462         3009.15948
27 408         3253.86107
27 340         1895.06415
27 326         3924.53719
28 658         4397.41649
28 105         4128.72423
28 612         3462.83617
28 253         3791.79611
28 656         3428.60684
28 611         2658.53852
28 29         2651.04796
28 54         2161.58906
28 657         2104.53498
28 739         3253.18583
29 31         5178.31472
29 105          4935.1228
29 54         3578.32997
29 657         4755.33034
29 739         4509.31512
29 655         3526.04303
29 28         2651.04796
29 15          2535.3514
29 611         2414.13213
29 65         3657.78473
30 42         5841.68889
30 53         5139.90529
30 15         3980.80969
30 41         3993.31221
30 32         4556.44488
30 65         2745.46802
30 40         2526.49771
30 789         3647.13557
30 31          2818.8022
30 737         4460.95403
31 655         5204.79832
31 29         5178.31472
31 65           3590.005
31 40         3157.40071
31 43         4332.03368
31 30          2818.8022
31 41           2658.085
31 15         2643.05668
31 53         2323.96072
31 314         3876.78168
32 53          6938.3412
32 314         6052.89818
32 263         5271.66492
32 41         3734.16473
32 334         5876.40137
32 30         4556.44488
32 40         2368.89997
32 352         3565.84415
32 42         2844.81939
32 31         5478.20726
33 743         4253.69641
33 675         3863.48935
33 34         3361.02896
33 751         3342.79821
33 155         3725.58849
33 692         3162.19993
33 97         2073.85481
33 742         2741.07075
33 762         1991.65894
33 790         2480.16376
34 675         3969.49614
34 155         3508.41076
34 36         3699.17099
34 197         3257.31945
34 790         2790.81462
34 33         3361.02896
34 131          1987.1914
34 35         2972.44287
34 762         1403.52169
34 198         2277.39173
35 762         3783.41129
35 675         3656.27128
35 746         3550.45044
35 16         2695.76496
35 727         3554.28062
35 704         1481.79999
35 34         2972.44287
35 131         2577.75404
35 36          1890.0286
35 38         3532.89011
36 694         3733.65264
36 38         3572.44436
36 34         3699.17099
36 755         2217.12346
36 51         3078.66397
36 704         1924.17732
36 727         2161.01335
36 675         2071.84487
36 35          1890.0286
36 773         2947.63356
37 89         4050.47905
37 570         3365.32054
37 50         3988.20196
37 537         3331.12916
37 539         3029.57493
37 511         3813.39427
37 88         2853.20731
37 538         2713.52089
37 756         2246.48939
37 775         2591.89067
38 88          3617.2845
38 36         3572.44436
38 756         2552.72971
38 35         3532.89011
38 747         3191.16901
38 746         2182.64158
38 51         1579.11559
38 775         1641.42132
38 704         2072.07649
38 727         2705.84188
39 38         3990.06145
39 694         3783.89748
39 773         2588.21576
39 51         2410.95618
39 36         3743.66982
39 727         1791.22919
39 50         2446.54169
39 173         2398.82823
39 755         1783.94827
39 174         3737.90608
40 352         5434.62487
40 263         5133.04619
40 42         3355.55244
40 65         5121.41463
40 53         4909.94823
40 31         3157.40071
40 32         2368.89997
40 41         2225.24563
40 30         2526.49771
40 314         4787.80669
41 44         4980.62518
41 43         4808.66553
41 31           2658.085
41 263         3352.28566
41 30         3993.31221
41 314         2565.69751
41 42         2657.48853
41 53         3297.16833
41 40         2225.24563
41 32         3734.16473
42 31         5278.04102
42 52         4859.51265
42 314         3936.86857
42 352         2884.66245
42 44          4447.3129
42 334         3375.38081
42 41         2657.48853
42 263         2459.95418
42 40         3355.55244
42 32         2844.81939
43 48         4775.70339
43 531         4532.99271
43 528         3661.65192
43 530         3211.09459
43 31         4332.03368
43 314         2976.72909
43 237         3050.64589
43 529         1675.95526
43 53         2008.40826
43 655         4078.89035
44 350         4107.98453
44 66          3986.1052
44 314         3232.82415
44 481         2898.28286
44 334         3326.38778
44 237         3041.77692
44 52         2533.96396
44 49         1602.74202
44 263         1996.53054
44 351         3151.17834
45 47         3706.71999
45 531         3626.02483
45 48         2393.50497
45 262         3455.81332
45 142         3624.61957
45 46          711.83181
45 209         1513.98753
45 13          2431.0259
45 208         647.500972
45 528         2180.56927
46 143         3899.35891
46 531         3048.56924
46 48         2948.23428
46 528         2152.99941
46 14         3039.99419
46 45          711.83181
46 209         803.458943
46 13         1720.38825
46 208         1356.94462
46 142         2913.41525
47 350         4252.32995
47 528         3707.98925
47 45         3706.71999
47 66         1791.90094
47 49          3036.0367
47 208         3115.35326
47 48         1530.45364
47 262         1144.81251
47 351         1346.69562
47 237         2968.48567
48 529         3348.74857
48 66         3320.86035
48 46         2948.23428
48 528         2217.23543
48 237         2883.70922
48 45         2393.50497
48 47         1530.45364
48 262         1953.43441
48 208         1917.01461
48 351         2499.67793
49 262         4006.04451
49 263         3589.26874
49 47          3036.0367
49 52         3248.63771
49 350          3027.6254
49 44         1602.74202
49 237         2678.18737
49 481         2567.03415
49 66          2387.1665
49 351         1695.99733
50 173         4129.53686
50 755         4040.56778
50 537         3414.35547
50 51         2678.58989
50 37         3988.20196
50 727         3304.11929
50 174         2390.30144
50 39         2446.54169
50 38         3779.89098
50 775         3715.14566
51 746          3719.2791
51 756         3690.72834
51 755         2688.98092
51 775         2663.43104
51 36         3078.66397
51 50         2678.58989
51 39         2410.95618
51 38         1579.11559
51 727            1376.81
51 704         2488.28373
52 66         5013.77351
52 351         4903.80855
52 333         3389.76232
52 49         3248.63771
52 42         4859.51265
52 44         2533.96396
52 263         3156.76039
52 481         1855.33089
52 334          1896.1805
52 350          3695.0983
53 40         4909.94823
53 530         4641.67111
53 15         3529.05631
53 237         4354.52894
53 655         4126.74418
53 314         2629.61188
53 43         2008.40826
53 31         2323.96072
53 529         3684.02096
53 41         3297.16833
54 655         4252.56623
54 612         3659.42089
54 601           4073.798
54 29         3578.32997
54 220          3612.4596
54 105         1982.92873
54 656         1987.80822
54 28         2161.58906
54 658         3292.92072
54 657         2900.56652
55 458         3755.60248
55 106         3622.36021
55 211          2904.7871
55 70         3040.96722
55 137         3438.00349
55 71         2583.17893
55 72         1769.52399
55 457         2441.20552
55 212          1267.8205
55 541         2961.14785
56 116         4033.61041
56 115          3543.0591
56 210         2946.41704
56 319           3278.811
56 253         3376.64978
56 117         2853.83518
56 23         1321.62655
56 357         2762.36589
56 24         1589.41886
56 118         2952.80301
57 301         5327.14137
57 556         5296.89588
57 587         3770.21722
57 78          3762.3899
57 79         4278.21351
57 302         2641.88191
57 77         2648.82452
57 80         3369.25005
57 58         2672.23532
57 588         2977.97653
58 136         4703.91947
58 81         3814.23931
58 302         3818.28494
58 80          2687.6721
58 77         3743.26618
58 82         2663.31391
58 79         2662.62746
58 78         2646.58346
58 57         2672.23532
58 298         3700.12521
59 245         4214.79212
59 246         4166.35252
59 125         4008.66356
59 666         3131.38155
59 147         3834.40044
59 713         3422.74847
59 153         2895.67706
59 678          1771.2495
59 712         1906.99294
59 368           3707.776
60 248          6843.5639
60 633         5933.44589
60 478         5476.02529
60 496         3862.74111
60 651         5458.77238
60 224         4766.86527
60 7         4079.74253
60 250         2654.74975
60 202         3610.44583
60 653          5289.8033
61 751         6886.10631
61 693         6608.09068
61 664         5467.46636
61 609         6504.01951
61 686          5912.9974
61 68         2905.98765
61 69         4191.52084
61 67         4344.39783
61 180         2966.52903
61 706         5706.57433
62 301         4693.71045
62 134         4273.25939
62 590         4560.71133
62 280         3155.35793
62 576         3943.33532
62 284          4179.2809
62 515          2496.1682
62 281         2852.65387
62 591         2045.33766
62 569         3310.28272
63 89         4613.52801
63 776         4549.06791
63 512         4259.61842
63 774         3931.69116
63 87         4242.92563
63 513         2742.37752
63 90         2264.16451
63 514         2976.45023
63 477          3321.3177
63 570         3995.81097
64 690         13483.1379
64 437         12921.1884
64 689         12990.1072
64 723          11154.018
64 645         11804.6865
64 8         2969.20637
64 725         7126.12907
64 646         9608.78648
64 129         9368.82307
64 724         7552.45766
65 53         5483.47086
65 40         5121.41463
65 789         2640.48658
65 611         3706.53015
65 737         4900.69991
65 15         2521.79636
65 29         3657.78473
65 31           3590.005
65 30         2745.46802
65 165         4690.16361
66 333         4587.94973
66 237         3838.27689
66 44          3986.1052
66 262         2139.49423
66 481            3511.09
66 350          2479.6679
66 48         3320.86035
66 47         1791.90094
66 351         1526.07312
66 49          2387.1665
67 684         7554.06907
67 686         6694.86402
67 69         6821.47123
67 61         4344.39783
67 663          6223.2986
67 662         5654.26627
67 68          2688.6493
67 609         2991.44367
67 664         3983.41048
67 180         4777.50358
68 662         5954.17873
68 684         5822.19053
68 69             4147.8
68 609         3768.92064
68 663         5292.96512
68 67          2688.6493
68 664         2634.86287
68 61         2905.98765
68 180         2099.15238
68 686         4256.19582
69 665         4518.80528
69 61         4191.52084
69 68             4147.8
69 693          3953.4073
69 610         4150.13038
69 180         2048.67126
69 707         3193.47917
69 686          2837.7645
69 706         1867.24526
69 722         3249.08246
70 106         3347.15193
70 73         3323.16572
70 55         3040.96722
70 541          2363.2863
70 364         2829.73454
70 74         2687.57851
70 315         1880.69643
70 542         1886.39587
70 72         1300.98318
70 182         2365.59322
71 74         4035.70956
71 70         3825.96049
71 55         2583.17893
71 72         3184.95938
71 137         3530.53276
71 211          1320.1203
71 212         3022.52837
71 106         1714.96517
71 456         2356.06507
71 182         2783.33674
72 540         3285.42398
72 457         3209.18804
72 71         3184.95938
72 182         2853.24324
72 542         3177.65971
72 55         1769.52399
72 212         3026.90582
72 70         1300.98318
72 541         1953.91079
72 315         3060.44278
73 380         3296.26309
73 345         3178.74455
73 384         2679.46544
73 344          2160.7246
73 315         3037.95121
73 76         2300.45831
73 381         1356.34395
73 74          1296.1083
73 542         1755.82757
73 182         2542.77519
74 455         3356.60859
74 344         3224.32201
74 381         2648.13657
74 76         2411.06414
74 315         3183.11823
74 542         1901.85115
74 106         2512.13176
74 73          1296.1083
74 182         1257.26319
74 70         2687.57851
75 73         4440.78801
75 74         4401.71905
75 280         3111.15651
75 431          2969.9664
75 301         3657.06303
75 284         1717.41074
75 76         2141.16395
75 455         1623.36049
75 134         2185.12137
75 300         3448.17475
76 384          3604.5574
76 182          3243.8055
76 431         3404.19412
76 73         2300.45831
76 280         3108.40839
76 381         3005.60663
76 455         1851.78328
76 134         1721.44854
76 74         2411.06414
76 75         2141.16395
77 80         5672.26538
77 81         5314.72468
77 302         5290.37872
77 589         4930.16712
77 135         5123.41554
77 136          3450.2979
77 78         2647.02521
77 58         3743.26618
77 57         2648.82452
77 588         2953.93384
78 451         5339.02437
78 80         5304.72062
78 79         5253.11712
78 77         2647.02521
78 57          3762.3899
78 135         4714.24167
78 136         2059.44255
78 58         2646.58346
78 81         2668.30149
78 82         3696.90181
79 301         4669.70145
79 354         4553.78521
79 302         3521.27102
79 299         2830.61802
79 57         4278.21351
79 82         3245.09991
79 80         1327.93184
79 58         2662.62746
79 298         1891.48594
79 348         3290.39585
80 300         4652.84939
80 82         4211.33101
80 301         3628.97121
80 57         3369.25005
80 348         4143.46087
80 302         2194.45821
80 79         1327.93184
80 58          2687.6721
80 299         2701.68088
80 298         3217.37451
81 77         5314.72468
81 298          5303.7138
81 335         3738.17593
81 389         4960.36716
81 58         3814.23931
81 451          2670.8965
81 390         4822.62202
81 78         2668.30149
81 82         2645.38341
81 136         3220.16588
82 136         5272.01704
82 80         4211.33101
82 451         3788.81638
82 354         3746.12033
82 78         3696.90181
82 81         2645.38341
82 335         2664.56236
82 298          2658.3307
82 58         2663.31391
82 79         3245.09991
83 236          3380.1118
83 718         2665.01224
83 682         2846.66218
83 715         1975.09987
83 207         2395.97195
83 716         2743.73586
83 681         1655.02228
83 568         1944.15161
83 717         1357.00059
83 680         1969.04053
84 780         5464.81097
84 441         5316.64868
84 781         3569.60015
84 112         4185.00318
84 402         5179.64975
84 698         2818.68405
84 758         2391.89887
84 697         4066.38357
84 219         2257.05109
84 729         4826.11965
85 708         4786.83126
85 768         4469.53203
85 192         4549.19854
85 677         3326.27962
85 766         4233.73081
85 631         4093.40362
85 632         3980.51746
85 154         2575.58936
85 767         3748.12166
85 753         2096.04341
86 223          5556.6094
86 89         5414.71239
86 96         3339.30893
86 750         3017.99497
86 63         5027.08413
86 748         2842.14886
86 90          2806.4107
86 749         1583.07052
86 87         2300.66159
86 776         4170.74784
87 570         5099.51863
87 95         5022.84925
87 90         2220.76257
87 63         4242.92563
87 750         4504.37379
87 749         1830.53045
87 748         1880.21145
87 86         2300.66159
87 89         3128.19589
87 5          3844.5087
88 51         4921.03075
88 570         3952.69147
88 5         2951.88013
88 38          3617.2845
88 746         3092.05779
88 756         1303.96931
88 89         2488.37027
88 37         2853.20731
88 775         2291.45768
88 747         2834.61389
89 775         4689.82577
89 63         4613.52801
89 756         3662.32192
89 37         4050.47905
89 748         4004.56604
89 88         2488.37027
89 87         3128.19589
89 570         2676.98601
89 90         3988.52975
89 5         3145.45662
90 513         4971.47449
90 570          4765.7579
90 748         4049.34849
90 776         3928.07775
90 774          4491.8971
90 749         3512.76949
90 63         2264.16451
90 86          2806.4107
90 87         2220.76257
90 89         3988.52975
91 361          4761.9845
91 643         4663.55702
91 660         4030.24089
91 659         4172.98216
91 617         4561.78227
91 12         3656.06119
91 571          3534.7967
91 774         3150.01518
91 360         3218.63606
91 776         2766.89618
92 531         4189.24705
92 624         3995.92143
92 143         1690.97846
92 626         2676.31872
92 13         3385.47631
92 158         1401.07477
92 142         2484.17044
92 14         2029.06983
92 625         2915.27605
92 532         3056.95949
93 254         5582.51296
93 127         5332.90489
93 306         5502.34248
93 130         3852.44276
93 769          4916.2401
93 255         3089.33916
93 770         3057.24305
93 26         2831.99414
93 94         2637.18696
93 128         3967.64678
94 306          6131.2502
94 255         5542.10953
94 434         4699.77169
94 690         5094.44054
94 435         5512.36096
94 769         3956.20532
94 26         3886.39335
94 130         2805.26391
94 93         2637.18696
94 770         4001.04623
95 87         5022.84925
95 749         4416.07814
95 747         4170.20653
95 265         3401.97336
95 358         4406.58994
95 5         2715.16014
95 4         3956.88735
95 336         2882.25047
95 359         2726.03132
95 748         3296.12062
96 91         5537.23395
96 223         4860.15075
96 245         4585.06438
96 776         4139.28676
96 749         4463.08904
96 244          4234.6496
96 86         3339.30893
96 750         3360.80873
96 12         3352.72233
96 324         4143.57143
97 773         4252.99893
97 665         3617.62571
97 751         3322.19232
97 675         2966.68968
97 726         3335.47285
97 33         2073.85481
97 762          3306.5524
97 693         2809.77949
97 692         1127.77153
97 694          3311.5247
98 684          5150.6307
98 649         4864.30115
98 722         4208.42783
98 650         4251.91139
98 575         4271.89249
98 281         3977.27166
98 569         3314.31267
98 685          3281.9773
98 448         3620.14809
98 610         4011.55611
99 146         3522.95893
99 225         3425.23252
99 305         3377.98279
99 304          2799.2846
99 104         3237.05268
99 285         1496.03774
99 17         1326.30313
99 266         1868.68988
99 303         1348.68321
99 267         3002.41786
100 674         3544.63402
100 673         3413.62677
100 203         2662.49295
100 101         2730.29495
100 735         3129.63878
100 181         2042.35141
100 102         2009.35087
100 151         2271.50806
100 18         1786.21608
100 784           2836.884
101 181         2819.19354
101 100         2730.29495
101 672         1689.23344
101 671         2410.87644
101 102         2272.93837
101 674         1009.35137
101 18          1459.6066
101 673         1850.40064
101 151          866.46328
101 784         2180.51302
102 784          3772.7549
102 527         3642.99408
102 18         2544.88554
102 674         3280.43717
102 181         3602.68221
102 100         2009.35087
102 673         1725.66547
102 151         1409.36904
102 101         2272.93837
102 672         3532.69703
103 303          3062.7137
103 660         3006.87446
103 17         2756.98848
103 156         2311.07717
103 659         2668.48263
103 305         1655.75785
103 104         1275.44407
103 228         1513.87812
103 225         877.048992
103 617         2403.21199
104 285         3711.77945
104 617         3587.73271
104 17         2268.86082
104 156         2888.44048
104 99         3237.05268
104 303         2058.31192
104 228         1698.08257
104 225         1560.74332
104 103         1275.44407
104 305         2303.01202
105 567         4084.45109
105 624         4066.24171
105 555         3316.57247
105 550         3005.94613
105 655         4024.12117
105 601          2096.6679
105 220         2765.97186
105 54         1982.92873
105 656         2516.22483
105 658         3675.75587
106 55         3622.36021
106 455         3443.10858
106 431          3150.2256
106 456         2854.19498
106 70         3347.15193
106 74         2512.13176
106 211         2972.53169
106 71         1714.96517
106 182          1377.5354
106 72         3333.52089
107 476         4518.12293
107 475         4253.23104
107 166         3752.61013
107 268         3675.47123
107 285         3946.30688
107 146          3357.9636
107 608         3411.43571
107 304         2606.88396
107 108         1955.02707
107 267         3756.75831
108 166          4605.6115
108 304         4543.65447
108 514         3610.49647
108 510          3861.2179
108 477         4257.77212
108 475         3009.80561
108 107         1955.02707
108 513         3661.68887
108 476         2581.01122
108 608          4254.8283
109 636         4007.88123
109 458         3982.70232
109 365         3664.74195
109 605         2683.22595
109 459         3490.36527
109 638         2989.13845
109 637         1363.60946
109 606         1881.74526
109 604         2849.37255
109 417         2955.83061
110 754         4288.22633
110 277         4250.73656
110 375         3890.22366
110 178         3500.71052
110 270         3947.57481
110 269         2960.67519
110 179         3377.53816
110 111         2663.65298
110 313         2839.62163
110 363         3548.51138
111 757          4743.4507
111 767         4285.91215
111 179         4085.11759
111 338         3948.75817
111 676         3750.36397
111 754          3361.7693
111 768         2754.61313
111 269          2984.7031
111 110         2663.65298
111 765          3548.0877
112 377         4645.11299
112 273         4256.30203
112 292         3321.04778
112 781         3314.58956
112 84         4185.00318
112 22          2572.7563
112 402         1996.53495
112 758         2729.11316
112 164         3183.45198
112 426          3327.6075
113 335          4664.5774
113 138         4486.22503
113 226         3343.96065
113 298         3317.75167
113 322         4294.33305
113 353         2738.00239
113 348         2749.14039
113 354         2003.99631
113 114         1958.54328
113 452         3763.86983
114 323         4395.33987
114 354         3962.53315
114 321         3639.16602
114 138         3737.92242
114 404         3756.48596
114 322         2335.85773
114 348         2953.58171
114 353         2956.21053
114 113         1958.54328
114 452         2755.57978
115 24         4446.27871
115 657         4291.08057
115 56          3543.0591
115 23         3392.37096
115 319         3945.65545
115 615         2546.05048
115 210         1319.03416
115 253         3116.36877
115 365         2099.96359
115 612         3431.12027
116 56         4033.61041
116 356         4016.67777
116 117         3704.28275
116 357         2781.46956
116 24         3373.37462
116 126         2935.55022
116 119         1818.56317
116 252         1636.64109
116 118         1325.67012
116 264         3013.91623
117 210         3955.03234
117 116         3704.28275
117 126         3633.96949
117 739         2377.74422
117 56         2853.83518
117 119          2967.2977
117 740         1336.23727
117 24          1296.0754
117 118         2435.20273
117 253         2841.71761
118 264         3802.67133
118 740         3097.96032
118 126         2974.72403
118 357         2700.33911
118 56         2952.80301
118 117         2435.20273
118 119         1759.62939
118 24         2063.42771
118 116         1325.67012
118 252         2952.79522
119 741         4372.87451
119 357         4315.60414
119 117          2967.2977
119 24         3325.44825
119 165          3762.8633
119 126         1229.81806
119 118         1759.62939
119 252         2740.76787
119 116         1818.56317
119 740         2817.19989
120 444         5005.63313
120 326         4876.13838
120 27          3968.5505
120 507         3344.26967
120 489         4111.40321
120 341         3048.52102
120 443         2902.97285
120 408         3010.82466
120 472         3526.92483
120 340         4003.09603
121 463         4614.66866
121 341         4513.24778
121 325         3497.02993
121 162          4077.6164
121 472         4407.77378
121 506         2920.57953
121 326           3417.084
121 397         2273.35318
121 505         3407.19965
121 427         3937.00875
122 84          6124.9622
122 730         5917.05474
122 185         5221.47655
122 698         4198.84641
122 711         5079.23249
122 728         4789.93923
122 729         4371.85201
122 169         4056.26342
122 697         3841.40764
122 667         5031.31326
123 286         4659.38161
123 2         4626.11202
123 307          4323.6011
123 258         3986.34121
123 200         4307.95149
123 630         4229.22474
123 256         3976.29312
123 144         3046.34178
123 257         3226.17466
123 629         4048.52167
124 155         5012.81423
124 751         4769.25255
124 742         3393.38624
124 243         3738.17832
124 222         4199.20732
124 743           2126.743
124 201         2912.23111
124 761         2833.15155
124 190         1904.63568
124 744         4031.27312
125 666         4862.54555
125 223         4485.54314
125 59         4008.66356
125 359         4319.83009
125 246         3687.05231
125 336         3401.61094
125 713         2571.64101
125 358         3405.25343
125 265         3142.95257
125 712         2868.82744
126 738         4505.42934
126 24         4298.03014
126 117         3633.96949
126 740         3009.63764
126 741         4137.37458
126 119         1229.81806
126 165         2876.01254
126 118         2974.72403
126 116         2935.55022
126 252         3412.13778
127 254         6487.97285
127 769         5828.09887
127 772         6471.98853
127 683         3325.71787
127 93         5332.90489
127 255         6007.93255
127 691         4364.64491
127 736         2655.98587
127 128         2511.45672
127 770         3258.96252
128 26          5929.5139
128 741         5703.89092
128 355         5075.99706
128 770         3603.56755
128 683         5135.59468
128 93         3967.64678
128 255         3620.95352
128 736         3283.76673
128 254         4044.78933
128 127         2511.45672
129 724           13836.16
129 416         12478.7945
129 385         9919.27036
129 64         9368.82307
129 450         11164.9408
129 449         9039.59755
129 8         6435.72318
129 437         5715.68711
129 406         7507.60478
129 725          10507.136
130 226         6009.36617
130 451         5368.29143
130 255         5490.79046
130 434         3545.24878
130 436         4939.39289
130 93         3852.44276
130 306         3822.38217
130 435         2707.39662
130 26          2665.0317
130 94         2805.26391
131 36         4174.43776
131 704         3962.60756
131 762         3385.51342
131 197         2933.16629
131 199         3347.19838
131 198           2712.451
131 34          1987.1914
131 16         2479.86834
131 35         2577.75404
131 752         2576.93345
132 465         5864.32968
132 499         5245.22334
132 11         5068.03618
132 489         4080.08882
132 139          5221.8712
132 242         2815.45459
132 482         3940.56107
132 423          3742.3477
132 140         3125.09848
132 184          4185.8533
133 494          5300.8191
133 445         4886.05993
133 141         4747.35449
133 444         4342.12994
133 418         4557.90954
133 150         2828.01257
133 408         3484.05767
133 461         2607.48293
133 374          2373.0299
133 27         4472.54296
134 74         3910.38236
134 284         3451.71045
134 281         3360.74668
134 455         3017.71991
134 381          3315.2614
134 384         3180.19927
134 76         1721.44854
134 75         2185.12137
134 280         1389.37959
134 73         3308.80696
135 58         7348.69003
135 450         7069.08599
135 589         4011.64125
135 81         5621.04745
135 389         5909.68351
135 136         2713.23877
135 78         4714.24167
135 390         3244.53347
135 77         5123.41554
135 416         5419.78356
136 451         5562.28543
136 57         5472.61559
136 589         5312.30888
136 58         4703.91947
136 82         5272.01704
136 135         2713.23877
136 78         2059.44255
136 77          3450.2979
136 81         3220.16588
136 390         3822.00957
137 290         4427.69074
137 417         4397.82837
137 71         3530.53276
137 320         2978.06815
137 456         4338.60414
137 211         2383.52704
137 55         3438.00349
137 212         2384.05921
137 319         2968.12561
137 323         3675.15408
138 113         4486.22503
138 355         4415.84726
138 322         4105.89299
138 356         2912.32151
138 264         4252.95655
138 290         4082.04144
138 321         2180.79016
138 353         2152.88524
138 254          3512.9818
138 114         3737.92242
139 132          5221.8712
139 488         5061.17913
139 242         3610.64368
139 420         3957.24416
139 422         4483.58947
139 399         2852.09078
139 400         2262.66699
139 421         3800.00643
139 140         2346.73801
139 11         2643.37379
140 399         5116.00871
140 422          4956.0725
140 11         3597.37185
140 421          3412.5714
140 464         4805.79495
140 242         2806.36779
140 400         3227.59907
140 139         2346.73801
140 132         3125.09848
140 482         3736.72898
141 411         5104.03902
141 412         5061.97326
141 410         3229.15555
141 444         4508.29869
141 133         4747.35449
141 150          2274.1751
141 374         4266.93225
141 409         1562.02872
141 240         3807.43099
141 445         2162.37139
142 45         3624.61957
142 532         2567.02798
142 46         2913.41525
142 209         2119.28931
142 158         2409.92009
142 92         2484.17044
142 143         1002.10459
142 531         1888.46755
142 13         1220.80108
142 14         1235.26872
143 555         3819.56154
143 625         3661.26749
143 158         1410.69498
143 531         2501.48015
143 209         3098.87842
143 142         1002.10459
143 14         1510.24168
143 13         2184.97961
143 92         1690.97846
143 532           1981.946
144 197         4564.67088
144 744          3764.7388
144 745         2979.01221
144 257         3413.56175
144 229         3393.17797
144 307          1330.3586
144 256         2964.40615
144 123         3046.34178
144 286         2652.72931
144 222         3392.79945
145 492         3555.70708
145 387         3423.27817
145 163         2734.95997
145 392         1764.00974
145 349         2598.43667
145 405         2043.04611
145 453         1718.91943
145 433         1507.55107
145 432         1454.92567
145 491         2422.67318
146 99         3522.95893
146 103         3433.66775
146 225         2578.55465
146 17         2572.94637
146 107          3357.9636
146 285         2272.09686
146 608         1552.97753
146 305         1778.13244
146 304         2235.93838
146 643          3033.2078
147 339         3920.04677
147 59         3834.40044
147 153         2703.19918
147 169          3265.6498
147 368         3463.04976
147 218         1943.66482
147 678         2432.73508
147 369         2799.29834
147 168         2608.39209
147 666         2774.52184
148 446         4446.83306
148 535         4034.75114
148 174         3123.12901
148 414         3102.58602
148 575          3692.5784
148 536          2609.3032
148 415         1717.00773
148 296         2898.88021
148 447         2952.99038
148 448         3408.30608
149 523         5463.41036
149 584         5263.82699
149 599         3472.95238
149 522         4821.83564
149 183         5214.55825
149 622         2797.89533
149 525         2815.58731
149 583         3324.46919
149 191         2562.37203
149 623         4390.91429
150 240         5163.71955
150 408         4201.64447
150 410         3385.85215
150 409         3398.29982
150 411         3885.49553
150 141          2274.1751
150 374         2017.78577
150 445         2103.76761
150 133         2828.01257
150 444         2840.35894
151 671         3235.06235
151 181         2993.56223
151 102         1409.36904
151 100         2271.50806
151 784         2713.81745
151 101          866.46328
151 18         1652.43446
151 674         1871.43148
151 673         1373.36985
151 672         2268.87866
152 394         3383.92006
152 491          3368.3484
152 418         3319.09434
152 433         2807.19405
152 463         3317.25061
152 469         3158.77523
152 419         2732.85548
152 462         2731.22353
152 495         1982.21459
152 432         2764.09816
153 666         4275.63592
153 218         3907.56789
153 369         3178.91786
153 339         1952.45315
153 3         3512.48996
153 59         2895.67706
153 368         990.212719
153 678          1290.5619
153 147         2703.19918
153 370         2951.42782
154 554         5377.15417
154 603         4677.08163
154 630         4449.42855
154 708         3560.94082
154 753         4538.86747
